{
  "nbformat": 4,
  "nbformat_minor": 0,
  "metadata": {
    "colab": {
      "provenance": []
    },
    "kernelspec": {
      "name": "python3",
      "display_name": "Python 3"
    },
    "language_info": {
      "name": "python"
    }
  },
  "cells": [
    {
      "cell_type": "markdown",
      "source": [
        "# 1.문제 정의"
      ],
      "metadata": {
        "id": "4Ugr5DL0y4Ws"
      }
    },
    {
      "cell_type": "code",
      "execution_count": 87,
      "metadata": {
        "id": "f0AzFBlJX6Zh",
        "colab": {
          "base_uri": "https://localhost:8080/"
        },
        "outputId": "7fae1553-52e7-4a6e-f396-e58d7053212c"
      },
      "outputs": [
        {
          "output_type": "stream",
          "name": "stdout",
          "text": [
            "[[ 0.09130457  0.31296659 -0.3277619  ...  0.17386052 -0.49610621\n",
            "   0.95447834]\n",
            " [-1.94118936  0.63436125  0.21332334 ...  2.63566329  0.98461692\n",
            "  -2.05137763]\n",
            " [ 1.20599072  0.63773173  0.37202377 ...  0.1490941  -0.16698097\n",
            "   0.70955588]\n",
            " ...\n",
            " [-1.51843521  0.6081658   0.01824384 ...  2.1008383  -0.13667624\n",
            "  -0.88527608]\n",
            " [ 1.31471571 -1.06830117 -0.25633056 ... -1.24862182  0.09704474\n",
            "   1.50861745]\n",
            " [ 1.23136462 -0.02520689  0.74379476 ...  0.345985   -2.36028857\n",
            "   1.78184592]]\n"
          ]
        }
      ],
      "source": [
        "import numpy as np\n",
        "import pandas as pd\n",
        "\n",
        "# 데이터 불러오기\n",
        "data = pd.read_csv('/content/drive/MyDrive/2023-2알고리즘/[Project] 주어진 행렬 공간 중에서 최대 volume 구하기/input.csv')\n",
        "vectors = data.iloc[1:21].to_numpy()  # 첫 행은 인덱스, 나머지가 벡터 값\n",
        "\n",
        "# 초기 설정\n",
        "num_vectors = 20    # 행렬의 행 수\n",
        "population_size = 100  # 인구 크기\n",
        "vector_length = 10000  # 전체 벡터의 수 설정 (예시로 10000으로 가정)\n",
        "num_generations = 100  # 세대 수\n",
        "mutation_rate = 0.1   # 돌연변이율\n",
        "print(vectors)"
      ]
    },
    {
      "cell_type": "markdown",
      "source": [
        "# 2. 초기 인구 생성\n"
      ],
      "metadata": {
        "id": "Rll5lEkEy7KV"
      }
    },
    {
      "cell_type": "code",
      "source": [
        "def initialize_population(pop_size, num_vectors):\n",
        "    # x 좌표를 0부터 19 사이에서 선택\n",
        "    x_indices = np.random.randint(0, num_vectors-1, size=(pop_size, num_vectors)) # num_vectors-1 대신 num_vectors 사용\n",
        "\n",
        "    # y 좌표를 0부터 9999 사이에서 선택\n",
        "    y_indices = np.random.randint(0, vector_length-1, size=(pop_size, num_vectors))\n",
        "\n",
        "    # x와 y 좌표를 결합하여 2차원 인덱스 생성\n",
        "    indices = np.stack((x_indices, y_indices), axis=-1)\n",
        "\n",
        "    return indices\n",
        "\n",
        "# x와 y 좌표를 결합하여 2차원 인덱스 생성\n",
        "population = initialize_population(population_size, num_vectors)\n",
        "\n",
        "for _ in range(99):\n",
        "    population = np.concatenate((population, initialize_population(population_size, num_vectors)), axis=0)\n",
        "population = population.reshape(100,100,20,2)\n",
        "print(\"population size: \", population.shape)\n",
        "print(population)"
      ],
      "metadata": {
        "id": "xQw7nUwfy7Zc",
        "colab": {
          "base_uri": "https://localhost:8080/"
        },
        "outputId": "311ad1ce-acd9-4c20-f35a-22726437f2cc"
      },
      "execution_count": 100,
      "outputs": [
        {
          "output_type": "stream",
          "name": "stdout",
          "text": [
            "population size:  (100, 100, 20, 2)\n",
            "[[[[  10 6820]\n",
            "   [  14 4327]\n",
            "   [  16   52]\n",
            "   ...\n",
            "   [  10 3509]\n",
            "   [  16 1181]\n",
            "   [   7 3329]]\n",
            "\n",
            "  [[   9 2005]\n",
            "   [   5 9576]\n",
            "   [  11 9762]\n",
            "   ...\n",
            "   [  13 9224]\n",
            "   [  11 5544]\n",
            "   [  16 4548]]\n",
            "\n",
            "  [[  14 4045]\n",
            "   [   1 2255]\n",
            "   [  12 3292]\n",
            "   ...\n",
            "   [   5 2817]\n",
            "   [  12 9575]\n",
            "   [   7 2261]]\n",
            "\n",
            "  ...\n",
            "\n",
            "  [[   6 8012]\n",
            "   [  15 1896]\n",
            "   [  13 2945]\n",
            "   ...\n",
            "   [   3 3113]\n",
            "   [   9 4028]\n",
            "   [   9 4807]]\n",
            "\n",
            "  [[  13 1127]\n",
            "   [   4 8544]\n",
            "   [  14 3325]\n",
            "   ...\n",
            "   [  12 2089]\n",
            "   [  18 2616]\n",
            "   [  14 7290]]\n",
            "\n",
            "  [[   4 6225]\n",
            "   [   1 7384]\n",
            "   [   4 4771]\n",
            "   ...\n",
            "   [  16 7870]\n",
            "   [  17 4291]\n",
            "   [  18 4381]]]\n",
            "\n",
            "\n",
            " [[[  13    7]\n",
            "   [   3  581]\n",
            "   [   2 3700]\n",
            "   ...\n",
            "   [   8  200]\n",
            "   [  18 6383]\n",
            "   [  11 1683]]\n",
            "\n",
            "  [[  13 1504]\n",
            "   [  11 8818]\n",
            "   [   7 9608]\n",
            "   ...\n",
            "   [  14 7631]\n",
            "   [   3 4516]\n",
            "   [  14 4213]]\n",
            "\n",
            "  [[   5 4119]\n",
            "   [  11  912]\n",
            "   [   5 9771]\n",
            "   ...\n",
            "   [   2 7376]\n",
            "   [   9 6504]\n",
            "   [  10 1692]]\n",
            "\n",
            "  ...\n",
            "\n",
            "  [[  18 1682]\n",
            "   [   7 7567]\n",
            "   [  10 2083]\n",
            "   ...\n",
            "   [   7 6759]\n",
            "   [  12 1419]\n",
            "   [  16  465]]\n",
            "\n",
            "  [[   9 2353]\n",
            "   [   0 2979]\n",
            "   [   8 2737]\n",
            "   ...\n",
            "   [  17 5878]\n",
            "   [  11 2439]\n",
            "   [   1  215]]\n",
            "\n",
            "  [[   8 9356]\n",
            "   [  16   57]\n",
            "   [  13 5478]\n",
            "   ...\n",
            "   [  16 9971]\n",
            "   [   7 4191]\n",
            "   [  11 4391]]]\n",
            "\n",
            "\n",
            " [[[   9 6273]\n",
            "   [   3 2381]\n",
            "   [   9 3783]\n",
            "   ...\n",
            "   [  13 8644]\n",
            "   [   4 7316]\n",
            "   [  16 8440]]\n",
            "\n",
            "  [[  18 9956]\n",
            "   [   1 2544]\n",
            "   [   2 3634]\n",
            "   ...\n",
            "   [   0 1384]\n",
            "   [   7 8032]\n",
            "   [   4 5878]]\n",
            "\n",
            "  [[   4 9490]\n",
            "   [   5 3188]\n",
            "   [   1 5934]\n",
            "   ...\n",
            "   [  10 5723]\n",
            "   [   0 5038]\n",
            "   [  17 1248]]\n",
            "\n",
            "  ...\n",
            "\n",
            "  [[   0  960]\n",
            "   [   5 3070]\n",
            "   [   0 5009]\n",
            "   ...\n",
            "   [   3 1065]\n",
            "   [  15 3376]\n",
            "   [   8  351]]\n",
            "\n",
            "  [[  12 9543]\n",
            "   [   9 2882]\n",
            "   [   8 2857]\n",
            "   ...\n",
            "   [  14 6842]\n",
            "   [   9 9729]\n",
            "   [  13 7396]]\n",
            "\n",
            "  [[   5 3426]\n",
            "   [   1 8436]\n",
            "   [   1 7230]\n",
            "   ...\n",
            "   [   4 8775]\n",
            "   [   9 2157]\n",
            "   [   2 1208]]]\n",
            "\n",
            "\n",
            " ...\n",
            "\n",
            "\n",
            " [[[   1 1665]\n",
            "   [  13 1173]\n",
            "   [  13  564]\n",
            "   ...\n",
            "   [  11 9385]\n",
            "   [   0 2342]\n",
            "   [  13 8527]]\n",
            "\n",
            "  [[   2 2111]\n",
            "   [  16 1993]\n",
            "   [   1 7178]\n",
            "   ...\n",
            "   [  10 2269]\n",
            "   [  12  196]\n",
            "   [   7  273]]\n",
            "\n",
            "  [[   1 7633]\n",
            "   [   9 1673]\n",
            "   [   6  142]\n",
            "   ...\n",
            "   [   2 9429]\n",
            "   [   0 5834]\n",
            "   [   3 8738]]\n",
            "\n",
            "  ...\n",
            "\n",
            "  [[   6 2205]\n",
            "   [   6 1953]\n",
            "   [  11 1631]\n",
            "   ...\n",
            "   [  17 8001]\n",
            "   [  11 5732]\n",
            "   [  11 8010]]\n",
            "\n",
            "  [[  18 2956]\n",
            "   [   7 8748]\n",
            "   [  11 7605]\n",
            "   ...\n",
            "   [   3 1545]\n",
            "   [  15 8289]\n",
            "   [  13 6396]]\n",
            "\n",
            "  [[  17 7109]\n",
            "   [  13 9114]\n",
            "   [   8 4542]\n",
            "   ...\n",
            "   [   8 6952]\n",
            "   [  14    8]\n",
            "   [  11 4330]]]\n",
            "\n",
            "\n",
            " [[[  15  987]\n",
            "   [  13 6669]\n",
            "   [  15 6894]\n",
            "   ...\n",
            "   [   3 4663]\n",
            "   [  12 1132]\n",
            "   [   2 6213]]\n",
            "\n",
            "  [[   5 5495]\n",
            "   [  11 5243]\n",
            "   [   8 9589]\n",
            "   ...\n",
            "   [   5 1821]\n",
            "   [  11 3059]\n",
            "   [  17 5261]]\n",
            "\n",
            "  [[   3 9593]\n",
            "   [  13 9177]\n",
            "   [   1 2311]\n",
            "   ...\n",
            "   [  15 1350]\n",
            "   [  13 8670]\n",
            "   [   4 3964]]\n",
            "\n",
            "  ...\n",
            "\n",
            "  [[   0 5296]\n",
            "   [  12 6000]\n",
            "   [   7 2316]\n",
            "   ...\n",
            "   [  13 2250]\n",
            "   [   8 6815]\n",
            "   [  11 2822]]\n",
            "\n",
            "  [[  15 8496]\n",
            "   [   4 5410]\n",
            "   [  13 1672]\n",
            "   ...\n",
            "   [  17 5550]\n",
            "   [   0 4719]\n",
            "   [  15  684]]\n",
            "\n",
            "  [[  15 6085]\n",
            "   [  13 6938]\n",
            "   [   5 5693]\n",
            "   ...\n",
            "   [   7 7098]\n",
            "   [   9 9119]\n",
            "   [  13 9939]]]\n",
            "\n",
            "\n",
            " [[[   9 6805]\n",
            "   [   1 9204]\n",
            "   [   2 2185]\n",
            "   ...\n",
            "   [   9  888]\n",
            "   [   3 9533]\n",
            "   [  12 7473]]\n",
            "\n",
            "  [[   1 9435]\n",
            "   [  12 7360]\n",
            "   [   7 3186]\n",
            "   ...\n",
            "   [  13 4725]\n",
            "   [  17  154]\n",
            "   [  15 7268]]\n",
            "\n",
            "  [[  10 1891]\n",
            "   [   9 4279]\n",
            "   [  14 2910]\n",
            "   ...\n",
            "   [   3 1321]\n",
            "   [   5 7480]\n",
            "   [   2 6191]]\n",
            "\n",
            "  ...\n",
            "\n",
            "  [[  13 6016]\n",
            "   [  11 6981]\n",
            "   [   1 3437]\n",
            "   ...\n",
            "   [  17  385]\n",
            "   [   5 3867]\n",
            "   [  16 4120]]\n",
            "\n",
            "  [[  10 6772]\n",
            "   [  10 4078]\n",
            "   [  11 1121]\n",
            "   ...\n",
            "   [   6 5722]\n",
            "   [  15 9774]\n",
            "   [   2 4125]]\n",
            "\n",
            "  [[  16 4073]\n",
            "   [  12 7673]\n",
            "   [   3 4181]\n",
            "   ...\n",
            "   [  11 8288]\n",
            "   [  17 5299]\n",
            "   [  12 1031]]]]\n"
          ]
        }
      ]
    },
    {
      "cell_type": "markdown",
      "source": [
        "# 3. 적합도 함수 정의\n"
      ],
      "metadata": {
        "id": "EhoQ9tk7y7eb"
      }
    },
    {
      "cell_type": "code",
      "source": [
        "# 3. 적합도 함수 정의\n",
        "def fitness(matrix):\n",
        "    matrix_product = np.dot(matrix, matrix.transpose())\n",
        "    print('matrix_product: ', matrix_product)\n",
        "    print('matrix_det: ', np.linalg.det(matrix_product))\n",
        "    volume = np.sqrt(np.abs(np.linalg.det(matrix_product))) # sqrt(|det(A^T * A)|)\n",
        "    print(\"volume: \", volume)\n",
        "    return volume\n",
        "\n",
        "def evaluate_population(vectors):\n",
        "    fitness_scores = []\n",
        "    # population (100, 100, 20, 2) 100개의 개체군이 각각(100x20) 행렬로 이루어져 있으며,\n",
        "    # 각 개체군의 요소는 vectors의 index [x, y]쌍으로 가지고 있다.\n",
        "    for mtx in population:\n",
        "      # 각 개체군을 가져옴. mtx.shape = (100, 20, 20)\n",
        "      matrix = []\n",
        "      for individual in mtx:\n",
        "        # 각 개체의 인덱스를 사용하여 vectors에서 실제 값을 가져와 행렬을 생성\n",
        "        matrix.append([vectors[x, y] for x, y in individual])\n",
        "      matrix = np.array(matrix)\n",
        "      print(\"matrix\")\n",
        "      print(matrix)\n",
        "      print(fitness(matrix))\n",
        "      fitness_scores.append(fitness(matrix))\n",
        "    return np.array(fitness_scores)\n",
        "\n",
        "\n",
        "\n",
        "fitness_scores = evaluate_population(vectors)\n",
        "print(fitness_scores.shape)\n",
        "print(*fitness_scores, sep = '\\n')"
      ],
      "metadata": {
        "colab": {
          "base_uri": "https://localhost:8080/"
        },
        "id": "-pTeeGHCy7i8",
        "outputId": "5dd17f7b-d36b-4cf9-d240-dd1f5c95e9dd"
      },
      "execution_count": 102,
      "outputs": [
        {
          "output_type": "stream",
          "name": "stdout",
          "text": [
            "matrix\n",
            "[[-1.2953304   0.13118417 -0.42426771 ...  0.45009548  1.19219851\n",
            "  -0.43796637]\n",
            " [ 0.97015128  0.84075962 -0.23972384 ... -1.18650701  0.69578712\n",
            "  -2.43824892]\n",
            " [-0.01341193  1.90736918  1.09335036 ...  0.18479405  2.04009165\n",
            "  -2.16189451]\n",
            " ...\n",
            " [ 0.42935927  1.04094403 -0.15783788 ...  0.31854991  2.34227825\n",
            "  -1.08383353]\n",
            " [-1.00177957  0.76711552  0.8688278  ... -0.46772964  0.62443729\n",
            "   0.22150753]\n",
            " [-0.34445102 -0.88259509 -0.38154204 ... -0.08335899  0.63163851\n",
            "   0.0039683 ]]\n",
            "matrix_product:  [[15.96732388  4.4846324   1.73756287 ... 11.03758132  1.22706748\n",
            "   1.35749735]\n",
            " [ 4.4846324  17.61194762  5.05502764 ...  9.79793965  4.84764586\n",
            "   0.14300959]\n",
            " [ 1.73756287  5.05502764 25.50522603 ...  8.96614162  3.06995607\n",
            "  -2.45182243]\n",
            " ...\n",
            " [11.03758132  9.79793965  8.96614162 ... 31.97217399 14.80539328\n",
            "   4.28260482]\n",
            " [ 1.22706748  4.84764586  3.06995607 ... 14.80539328 18.89642353\n",
            "   1.72876961]\n",
            " [ 1.35749735  0.14300959 -2.45182243 ...  4.28260482  1.72876961\n",
            "   8.19495898]]\n",
            "matrix_det:  -0.0\n",
            "volume:  0.0\n",
            "0.0\n",
            "matrix_product:  [[15.96732388  4.4846324   1.73756287 ... 11.03758132  1.22706748\n",
            "   1.35749735]\n",
            " [ 4.4846324  17.61194762  5.05502764 ...  9.79793965  4.84764586\n",
            "   0.14300959]\n",
            " [ 1.73756287  5.05502764 25.50522603 ...  8.96614162  3.06995607\n",
            "  -2.45182243]\n",
            " ...\n",
            " [11.03758132  9.79793965  8.96614162 ... 31.97217399 14.80539328\n",
            "   4.28260482]\n",
            " [ 1.22706748  4.84764586  3.06995607 ... 14.80539328 18.89642353\n",
            "   1.72876961]\n",
            " [ 1.35749735  0.14300959 -2.45182243 ...  4.28260482  1.72876961\n",
            "   8.19495898]]\n",
            "matrix_det:  -0.0\n",
            "volume:  0.0\n",
            "matrix\n",
            "[[ 0.52013251  1.08833402  0.90010443 ...  0.15360756  0.31943887\n",
            "   0.16358966]\n",
            " [-0.88787814  0.99296261 -0.08780088 ...  0.67358664 -0.57311634\n",
            "  -1.2680186 ]\n",
            " [-0.62168095  0.17008288 -0.52236221 ...  1.32292531  0.83861456\n",
            "  -1.53520536]\n",
            " ...\n",
            " [-0.69487987  0.67473944  1.51846549 ... -1.50573262  0.37905202\n",
            "   1.01509491]\n",
            " [-0.27715249  0.87791924 -0.07479945 ... -0.30727369  0.07667805\n",
            "   0.13405682]\n",
            " [ 0.33554169  1.33702897  1.06294082 ... -0.53318912  0.28716706\n",
            "  -0.64093221]]\n",
            "matrix_product:  [[10.51878844 -5.5431652  -4.83525361 ... -0.28713499  3.70893625\n",
            "  -1.48991991]\n",
            " [-5.5431652  21.35262178  3.00034015 ...  2.26149701  5.09280696\n",
            "  -4.94731987]\n",
            " [-4.83525361  3.00034015 15.79357003 ...  0.90007859 -2.65311673\n",
            "  -0.39025928]\n",
            " ...\n",
            " [-0.28713499  2.26149701  0.90007859 ... 17.38907909 -0.03312937\n",
            "  -4.26712924]\n",
            " [ 3.70893625  5.09280696 -2.65311673 ... -0.03312937 10.36573558\n",
            "  -3.23442048]\n",
            " [-1.48991991 -4.94731987 -0.39025928 ... -4.26712924 -3.23442048\n",
            "  32.68364007]]\n",
            "matrix_det:  -0.0\n",
            "volume:  0.0\n",
            "0.0\n",
            "matrix_product:  [[10.51878844 -5.5431652  -4.83525361 ... -0.28713499  3.70893625\n",
            "  -1.48991991]\n",
            " [-5.5431652  21.35262178  3.00034015 ...  2.26149701  5.09280696\n",
            "  -4.94731987]\n",
            " [-4.83525361  3.00034015 15.79357003 ...  0.90007859 -2.65311673\n",
            "  -0.39025928]\n",
            " ...\n",
            " [-0.28713499  2.26149701  0.90007859 ... 17.38907909 -0.03312937\n",
            "  -4.26712924]\n",
            " [ 3.70893625  5.09280696 -2.65311673 ... -0.03312937 10.36573558\n",
            "  -3.23442048]\n",
            " [-1.48991991 -4.94731987 -0.39025928 ... -4.26712924 -3.23442048\n",
            "  32.68364007]]\n",
            "matrix_det:  -0.0\n",
            "volume:  0.0\n",
            "matrix\n",
            "[[-0.15505008  0.03684001 -0.15871674 ... -0.02723112 -0.10421478\n",
            "  -3.39613136]\n",
            " [ 2.40653646  0.42842146  0.30117771 ...  0.32914321  0.45281398\n",
            "  -0.94124848]\n",
            " [-0.15373784  0.4704791   0.14056434 ...  0.86656743  1.02347184\n",
            "  -2.21879859]\n",
            " ...\n",
            " [ 1.01846572 -1.62340575 -0.53058149 ...  0.263959    0.72075303\n",
            "  -0.0190897 ]\n",
            " [ 0.71391935  0.40412498 -0.33925517 ... -1.38323522  0.00802745\n",
            "  -0.12594911]\n",
            " [ 0.14335136  1.48644207  0.61305887 ... -1.50619327  1.26355688\n",
            "   0.49070618]]\n",
            "matrix_product:  [[25.27797899  7.34423296 12.66881381 ...  4.79851654 -3.4095519\n",
            "   1.34782156]\n",
            " [ 7.34423296 26.0153054   0.70282479 ... -1.64143538 -1.9807182\n",
            "  -0.55544803]\n",
            " [12.66881381  0.70282479 21.68649602 ...  2.05275264  0.2150562\n",
            "  -0.0868342 ]\n",
            " ...\n",
            " [ 4.79851654 -1.64143538  2.05275264 ... 17.70248852  0.09284916\n",
            "  -2.87591704]\n",
            " [-3.4095519  -1.9807182   0.2150562  ...  0.09284916 16.78394493\n",
            "  -0.33170002]\n",
            " [ 1.34782156 -0.55544803 -0.0868342  ... -2.87591704 -0.33170002\n",
            "  16.96964279]]\n",
            "matrix_det:  0.0\n",
            "volume:  0.0\n",
            "0.0\n",
            "matrix_product:  [[25.27797899  7.34423296 12.66881381 ...  4.79851654 -3.4095519\n",
            "   1.34782156]\n",
            " [ 7.34423296 26.0153054   0.70282479 ... -1.64143538 -1.9807182\n",
            "  -0.55544803]\n",
            " [12.66881381  0.70282479 21.68649602 ...  2.05275264  0.2150562\n",
            "  -0.0868342 ]\n",
            " ...\n",
            " [ 4.79851654 -1.64143538  2.05275264 ... 17.70248852  0.09284916\n",
            "  -2.87591704]\n",
            " [-3.4095519  -1.9807182   0.2150562  ...  0.09284916 16.78394493\n",
            "  -0.33170002]\n",
            " [ 1.34782156 -0.55544803 -0.0868342  ... -2.87591704 -0.33170002\n",
            "  16.96964279]]\n",
            "matrix_det:  0.0\n",
            "volume:  0.0\n",
            "matrix\n",
            "[[-1.47812447  0.27540697  0.57498082 ... -0.42503198 -0.59657225\n",
            "  -0.17471987]\n",
            " [ 2.21373407 -1.47800153  0.47579627 ... -0.8990948  -1.16394156\n",
            "   0.70700132]\n",
            " [ 0.7095806   0.44866361 -0.71418717 ...  0.53933328  1.21264235\n",
            "  -0.11083573]\n",
            " ...\n",
            " [ 0.37166569  0.39783859 -0.28106768 ...  1.43302733  0.28744876\n",
            "   0.46808339]\n",
            " [-0.12049434  0.30756036  0.90754824 ... -1.36509611  1.29968931\n",
            "   1.8625454 ]\n",
            " [-0.59165071  0.44226545  1.26799788 ...  0.84040903  1.29109815\n",
            "   0.61927891]]\n",
            "matrix_product:  [[14.11041564 -3.61264871 -3.20793522 ... -7.1882701   2.09081039\n",
            "  -1.98800361]\n",
            " [-3.61264871 24.71154295 -4.5682128  ... -1.79735127 -0.03124228\n",
            "  -4.66145205]\n",
            " [-3.20793522 -4.5682128  14.07742571 ...  3.70796506  0.9601941\n",
            "  -0.40806454]\n",
            " ...\n",
            " [-7.1882701  -1.79735127  3.70796506 ... 12.74278542 -4.36493572\n",
            "   6.16394354]\n",
            " [ 2.09081039 -0.03124228  0.9601941  ... -4.36493572 27.7320343\n",
            "  -1.57375637]\n",
            " [-1.98800361 -4.66145205 -0.40806454 ...  6.16394354 -1.57375637\n",
            "  11.88294833]]\n",
            "matrix_det:  -0.0\n",
            "volume:  0.0\n",
            "0.0\n",
            "matrix_product:  [[14.11041564 -3.61264871 -3.20793522 ... -7.1882701   2.09081039\n",
            "  -1.98800361]\n",
            " [-3.61264871 24.71154295 -4.5682128  ... -1.79735127 -0.03124228\n",
            "  -4.66145205]\n",
            " [-3.20793522 -4.5682128  14.07742571 ...  3.70796506  0.9601941\n",
            "  -0.40806454]\n",
            " ...\n",
            " [-7.1882701  -1.79735127  3.70796506 ... 12.74278542 -4.36493572\n",
            "   6.16394354]\n",
            " [ 2.09081039 -0.03124228  0.9601941  ... -4.36493572 27.7320343\n",
            "  -1.57375637]\n",
            " [-1.98800361 -4.66145205 -0.40806454 ...  6.16394354 -1.57375637\n",
            "  11.88294833]]\n",
            "matrix_det:  -0.0\n",
            "volume:  0.0\n",
            "matrix\n",
            "[[-0.21166545  0.56884878  0.5869825  ...  0.78128068 -0.40027826\n",
            "   0.30642956]\n",
            " [ 0.15256896  0.27661943 -0.61998334 ...  0.22373195  0.57090296\n",
            "   0.38731658]\n",
            " [-1.10019815 -0.42272808 -1.08139348 ...  1.80979913 -0.49369846\n",
            "   1.09377381]\n",
            " ...\n",
            " [ 1.34553908  0.19592728  0.14207178 ...  2.40815867  1.52140026\n",
            "   0.72624159]\n",
            " [-1.0134066  -2.01796818  1.00281425 ...  0.81277892  0.1717908\n",
            "   0.24607381]\n",
            " [ 0.41926308  0.80850275 -1.07984557 ...  0.45055333  0.15873051\n",
            "   0.96616101]]\n",
            "matrix_product:  [[12.45115583 -1.93374658 -0.53443038 ...  7.18316673  3.7398984\n",
            "  -5.69886999]\n",
            " [-1.93374658 11.88792106 -3.14336183 ... -1.49083282 -0.76823848\n",
            "   5.85600506]\n",
            " [-0.53443038 -3.14336183 25.80248227 ...  2.66464393  2.80273398\n",
            "  15.75080169]\n",
            " ...\n",
            " [ 7.18316673 -1.49083282  2.66464393 ... 30.32246409 -0.87030952\n",
            "  -3.5319839 ]\n",
            " [ 3.7398984  -0.76823848  2.80273398 ... -0.87030952 16.86510382\n",
            "  -0.15383788]\n",
            " [-5.69886999  5.85600506 15.75080169 ... -3.5319839  -0.15383788\n",
            "  27.71274144]]\n",
            "matrix_det:  -0.0\n",
            "volume:  0.0\n",
            "0.0\n",
            "matrix_product:  [[12.45115583 -1.93374658 -0.53443038 ...  7.18316673  3.7398984\n",
            "  -5.69886999]\n",
            " [-1.93374658 11.88792106 -3.14336183 ... -1.49083282 -0.76823848\n",
            "   5.85600506]\n",
            " [-0.53443038 -3.14336183 25.80248227 ...  2.66464393  2.80273398\n",
            "  15.75080169]\n",
            " ...\n",
            " [ 7.18316673 -1.49083282  2.66464393 ... 30.32246409 -0.87030952\n",
            "  -3.5319839 ]\n",
            " [ 3.7398984  -0.76823848  2.80273398 ... -0.87030952 16.86510382\n",
            "  -0.15383788]\n",
            " [-5.69886999  5.85600506 15.75080169 ... -3.5319839  -0.15383788\n",
            "  27.71274144]]\n",
            "matrix_det:  -0.0\n",
            "volume:  0.0\n",
            "matrix\n",
            "[[-0.38764713 -1.22024186 -0.04347281 ... -0.33347195  1.15539515\n",
            "  -0.44584352]\n",
            " [ 1.53363117 -1.93848275  1.06909079 ... -0.48136894 -0.1745245\n",
            "   0.64119415]\n",
            " [-0.63604718 -1.30616721  0.38113866 ... -0.20413355  0.03830404\n",
            "  -0.09864039]\n",
            " ...\n",
            " [-0.49689497  0.94806018 -1.20770081 ...  0.38377189 -0.26955853\n",
            "   0.77008337]\n",
            " [-0.58011699 -0.56180896  1.32780961 ... -0.52521532  1.02944221\n",
            "  -0.39150884]\n",
            " [-0.73382707 -1.79315689 -0.45015762 ...  0.52482962 -0.17001364\n",
            "   1.22114551]]\n",
            "matrix_product:  [[12.42771777  4.12367846 -4.84813843 ...  1.64149971  4.06507406\n",
            "   1.36628295]\n",
            " [ 4.12367846 14.07322348 -2.05371099 ... -0.4790792  -0.32180366\n",
            "   1.08538013]\n",
            " [-4.84813843 -2.05371099 16.17074957 ... -2.40946295  4.1011446\n",
            "  -0.45681489]\n",
            " ...\n",
            " [ 1.64149971 -0.4790792  -2.40946295 ... 19.96873207  1.96111072\n",
            "   3.5216189 ]\n",
            " [ 4.06507406 -0.32180366  4.1011446  ...  1.96111072 16.93695295\n",
            "  -0.98181803]\n",
            " [ 1.36628295  1.08538013 -0.45681489 ...  3.5216189  -0.98181803\n",
            "  17.8887119 ]]\n",
            "matrix_det:  0.0\n",
            "volume:  0.0\n",
            "0.0\n",
            "matrix_product:  [[12.42771777  4.12367846 -4.84813843 ...  1.64149971  4.06507406\n",
            "   1.36628295]\n",
            " [ 4.12367846 14.07322348 -2.05371099 ... -0.4790792  -0.32180366\n",
            "   1.08538013]\n",
            " [-4.84813843 -2.05371099 16.17074957 ... -2.40946295  4.1011446\n",
            "  -0.45681489]\n",
            " ...\n",
            " [ 1.64149971 -0.4790792  -2.40946295 ... 19.96873207  1.96111072\n",
            "   3.5216189 ]\n",
            " [ 4.06507406 -0.32180366  4.1011446  ...  1.96111072 16.93695295\n",
            "  -0.98181803]\n",
            " [ 1.36628295  1.08538013 -0.45681489 ...  3.5216189  -0.98181803\n",
            "  17.8887119 ]]\n",
            "matrix_det:  0.0\n",
            "volume:  0.0\n",
            "matrix\n",
            "[[-1.36508204 -1.11290556 -0.08718292 ...  0.45234621 -0.77482645\n",
            "  -0.70979618]\n",
            " [-0.17406749 -0.87027028  0.18237577 ... -0.96648677  0.61984578\n",
            "  -0.50529138]\n",
            " [-0.87976778 -0.98904026  1.28071043 ... -0.5697421   0.3264989\n",
            "  -0.13844855]\n",
            " ...\n",
            " [-1.22029334  0.50688434 -0.35866563 ...  0.31782005 -1.23462065\n",
            "  -2.2598837 ]\n",
            " [ 0.58679411 -0.21023948  0.33754322 ...  0.91999555  1.2883046\n",
            "   1.23720307]\n",
            " [ 0.03743413 -0.75012989  1.07600791 ... -0.75018685 -0.6037109\n",
            "  -0.77672744]]\n",
            "matrix_product:  [[17.11549921 -2.54155987  4.6085266  ...  2.27161127  4.1331895\n",
            "   5.17385633]\n",
            " [-2.54155987 14.52473539  7.99181094 ... -0.23940841 -5.2843794\n",
            "   2.74125011]\n",
            " [ 4.6085266   7.99181094 19.22841176 ... -0.66869757  1.59861511\n",
            "  -0.31313374]\n",
            " ...\n",
            " [ 2.27161127 -0.23940841 -0.66869757 ... 26.05126563 -5.70686604\n",
            "  -3.60943552]\n",
            " [ 4.1331895  -5.2843794   1.59861511 ... -5.70686604 13.66364522\n",
            "  -2.98321566]\n",
            " [ 5.17385633  2.74125011 -0.31313374 ... -3.60943552 -2.98321566\n",
            "  16.89887985]]\n",
            "matrix_det:  -0.0\n",
            "volume:  0.0\n",
            "0.0\n",
            "matrix_product:  [[17.11549921 -2.54155987  4.6085266  ...  2.27161127  4.1331895\n",
            "   5.17385633]\n",
            " [-2.54155987 14.52473539  7.99181094 ... -0.23940841 -5.2843794\n",
            "   2.74125011]\n",
            " [ 4.6085266   7.99181094 19.22841176 ... -0.66869757  1.59861511\n",
            "  -0.31313374]\n",
            " ...\n",
            " [ 2.27161127 -0.23940841 -0.66869757 ... 26.05126563 -5.70686604\n",
            "  -3.60943552]\n",
            " [ 4.1331895  -5.2843794   1.59861511 ... -5.70686604 13.66364522\n",
            "  -2.98321566]\n",
            " [ 5.17385633  2.74125011 -0.31313374 ... -3.60943552 -2.98321566\n",
            "  16.89887985]]\n",
            "matrix_det:  -0.0\n",
            "volume:  0.0\n",
            "matrix\n",
            "[[-0.99334627  1.74550573 -0.71122465 ... -1.16042141 -1.22080158\n",
            "  -0.2035066 ]\n",
            " [-1.34320063  1.17775155 -2.61437868 ...  1.03925957  1.40773748\n",
            "   0.48000933]\n",
            " [-1.03795808 -0.49523835 -1.27186796 ... -0.55789942 -0.22034284\n",
            "  -3.60858724]\n",
            " ...\n",
            " [ 1.03803341  0.3617249   0.16064462 ... -1.115259   -1.98903463\n",
            "   1.80520148]\n",
            " [-0.35389743 -0.96592099  0.67912634 ... -0.02156907 -0.03411846\n",
            "  -0.99799089]\n",
            " [-0.58178661 -1.34448461  1.03118934 ...  0.04561116 -1.49842235\n",
            "   0.40584038]]\n",
            "matrix_product:  [[ 1.51347986e+01  4.24171613e+00  2.27710965e+00 ...  8.83996164e+00\n",
            "   3.08172588e-02 -1.91038734e+00]\n",
            " [ 4.24171613e+00  2.38766397e+01 -4.10907203e+00 ... -2.13881510e+00\n",
            "  -4.32920023e+00 -1.09073250e+01]\n",
            " [ 2.27710965e+00 -4.10907203e+00  3.32680955e+01 ... -6.72321177e+00\n",
            "   4.62842304e+00  3.05916370e-01]\n",
            " ...\n",
            " [ 8.83996164e+00 -2.13881510e+00 -6.72321177e+00 ...  2.14511206e+01\n",
            "   3.88570627e+00  3.30770429e+00]\n",
            " [ 3.08172588e-02 -4.32920023e+00  4.62842304e+00 ...  3.88570627e+00\n",
            "   1.68238892e+01  5.14798331e+00]\n",
            " [-1.91038734e+00 -1.09073250e+01  3.05916370e-01 ...  3.30770429e+00\n",
            "   5.14798331e+00  1.05895149e+01]]\n",
            "matrix_det:  0.0\n",
            "volume:  0.0\n",
            "0.0\n",
            "matrix_product:  [[ 1.51347986e+01  4.24171613e+00  2.27710965e+00 ...  8.83996164e+00\n",
            "   3.08172588e-02 -1.91038734e+00]\n",
            " [ 4.24171613e+00  2.38766397e+01 -4.10907203e+00 ... -2.13881510e+00\n",
            "  -4.32920023e+00 -1.09073250e+01]\n",
            " [ 2.27710965e+00 -4.10907203e+00  3.32680955e+01 ... -6.72321177e+00\n",
            "   4.62842304e+00  3.05916370e-01]\n",
            " ...\n",
            " [ 8.83996164e+00 -2.13881510e+00 -6.72321177e+00 ...  2.14511206e+01\n",
            "   3.88570627e+00  3.30770429e+00]\n",
            " [ 3.08172588e-02 -4.32920023e+00  4.62842304e+00 ...  3.88570627e+00\n",
            "   1.68238892e+01  5.14798331e+00]\n",
            " [-1.91038734e+00 -1.09073250e+01  3.05916370e-01 ...  3.30770429e+00\n",
            "   5.14798331e+00  1.05895149e+01]]\n",
            "matrix_det:  0.0\n",
            "volume:  0.0\n",
            "matrix\n",
            "[[-0.83165208  0.02513099 -0.42121468 ...  0.22260221 -1.87769649\n",
            "  -0.80630117]\n",
            " [ 0.36809736  0.29563201  0.96242711 ... -0.30494946 -0.1720866\n",
            "  -1.07936977]\n",
            " [ 0.74382988  0.3241202  -2.71201649 ... -1.24667214 -0.57348614\n",
            "  -0.13592779]\n",
            " ...\n",
            " [-1.31481285  0.55962943  0.83816839 ... -0.0644734   1.63407111\n",
            "  -2.33198153]\n",
            " [ 0.28997722 -0.18843028  0.66944416 ... -0.76060899 -1.05435819\n",
            "  -0.54516878]\n",
            " [ 0.9225306   0.16720077 -0.84498171 ...  0.30128756 -1.41387962\n",
            "  -0.54050247]]\n",
            "matrix_product:  [[ 1.62055338e+01  8.88415909e-01  9.61150702e-01 ... -3.14122432e+00\n",
            "   1.83309629e+00  4.54013211e+00]\n",
            " [ 8.88415909e-01  9.98740799e+00 -1.56889211e+00 ...  6.41413833e+00\n",
            "   1.84627721e+00  1.07976136e+00]\n",
            " [ 9.61150702e-01 -1.56889211e+00  1.56369360e+01 ... -4.31139308e+00\n",
            "  -2.85387126e-03  4.75058838e+00]\n",
            " ...\n",
            " [-3.14122432e+00  6.41413833e+00 -4.31139308e+00 ...  2.15568030e+01\n",
            "  -9.49781471e-01 -2.41117534e+00]\n",
            " [ 1.83309629e+00  1.84627721e+00 -2.85387126e-03 ... -9.49781471e-01\n",
            "   1.02924681e+01 -1.29429615e+00]\n",
            " [ 4.54013211e+00  1.07976136e+00  4.75058838e+00 ... -2.41117534e+00\n",
            "  -1.29429615e+00  1.75891797e+01]]\n",
            "matrix_det:  -0.0\n",
            "volume:  0.0\n",
            "0.0\n",
            "matrix_product:  [[ 1.62055338e+01  8.88415909e-01  9.61150702e-01 ... -3.14122432e+00\n",
            "   1.83309629e+00  4.54013211e+00]\n",
            " [ 8.88415909e-01  9.98740799e+00 -1.56889211e+00 ...  6.41413833e+00\n",
            "   1.84627721e+00  1.07976136e+00]\n",
            " [ 9.61150702e-01 -1.56889211e+00  1.56369360e+01 ... -4.31139308e+00\n",
            "  -2.85387126e-03  4.75058838e+00]\n",
            " ...\n",
            " [-3.14122432e+00  6.41413833e+00 -4.31139308e+00 ...  2.15568030e+01\n",
            "  -9.49781471e-01 -2.41117534e+00]\n",
            " [ 1.83309629e+00  1.84627721e+00 -2.85387126e-03 ... -9.49781471e-01\n",
            "   1.02924681e+01 -1.29429615e+00]\n",
            " [ 4.54013211e+00  1.07976136e+00  4.75058838e+00 ... -2.41117534e+00\n",
            "  -1.29429615e+00  1.75891797e+01]]\n",
            "matrix_det:  -0.0\n",
            "volume:  0.0\n",
            "matrix\n",
            "[[-1.93527307  1.51611263  0.66457079 ... -0.05523408  1.57716685\n",
            "   2.02644953]\n",
            " [ 0.44204802 -1.46147051  1.3924566  ...  0.31210481  1.22832258\n",
            "  -0.12237396]\n",
            " [ 0.37752728  0.15935839 -0.12270026 ... -0.20003996 -1.22227709\n",
            "   0.39222829]\n",
            " ...\n",
            " [ 2.49738341  0.03568352  0.0485161  ...  0.89828546  1.5260782\n",
            "  -0.75867814]\n",
            " [ 0.81482959 -0.25984622 -0.29912738 ...  1.92085887 -1.72427159\n",
            "   1.19518102]\n",
            " [ 0.37680546 -0.69344235 -0.2955872  ...  0.11900388  0.19784049\n",
            "  -0.42906334]]\n",
            "matrix_product:  [[19.27005649 -0.85784317  3.04771825 ... -6.17676085  0.2192773\n",
            "  -3.55697302]\n",
            " [-0.85784317 18.74137486  3.24337299 ...  8.18368397 -1.02935449\n",
            "  -6.33513952]\n",
            " [ 3.04771825  3.24337299 18.59698308 ...  2.42272273  3.99200509\n",
            "  -6.37703671]\n",
            " ...\n",
            " [-6.17676085  8.18368397  2.42272273 ... 21.43710474 -1.65501955\n",
            "  -8.46739909]\n",
            " [ 0.2192773  -1.02935449  3.99200509 ... -1.65501955 18.42664402\n",
            "   1.20896479]\n",
            " [-3.55697302 -6.33513952 -6.37703671 ... -8.46739909  1.20896479\n",
            "  21.67415772]]\n",
            "matrix_det:  -0.0\n",
            "volume:  0.0\n",
            "0.0\n",
            "matrix_product:  [[19.27005649 -0.85784317  3.04771825 ... -6.17676085  0.2192773\n",
            "  -3.55697302]\n",
            " [-0.85784317 18.74137486  3.24337299 ...  8.18368397 -1.02935449\n",
            "  -6.33513952]\n",
            " [ 3.04771825  3.24337299 18.59698308 ...  2.42272273  3.99200509\n",
            "  -6.37703671]\n",
            " ...\n",
            " [-6.17676085  8.18368397  2.42272273 ... 21.43710474 -1.65501955\n",
            "  -8.46739909]\n",
            " [ 0.2192773  -1.02935449  3.99200509 ... -1.65501955 18.42664402\n",
            "   1.20896479]\n",
            " [-3.55697302 -6.33513952 -6.37703671 ... -8.46739909  1.20896479\n",
            "  21.67415772]]\n",
            "matrix_det:  -0.0\n",
            "volume:  0.0\n",
            "matrix\n",
            "[[ 1.3775256   0.31387097  0.874025   ... -0.02987695 -0.18783388\n",
            "   0.98057162]\n",
            " [-1.71938366  1.47515551  1.68693577 ... -0.3665292   0.37858928\n",
            "  -1.2077193 ]\n",
            " [ 1.22822254  0.68529219  0.41666773 ... -0.49317061 -0.39455524\n",
            "   2.10811499]\n",
            " ...\n",
            " [ 0.95245365  0.67903081 -0.58844729 ...  0.94172597  0.14632117\n",
            "  -1.66502002]\n",
            " [ 0.10683599  0.78835314 -0.49410006 ... -1.18607336 -1.53966031\n",
            "  -0.92114857]\n",
            " [-0.38816804  0.95992873  0.76390063 ...  0.69325004  0.06163964\n",
            "  -0.61223288]]\n",
            "matrix_product:  [[21.38235053 -3.46617495  0.36619022 ... -4.00497866  0.8866621\n",
            "   4.03016664]\n",
            " [-3.46617495 19.07829194 -3.23568173 ... -2.30617588 -2.77838967\n",
            "   7.5561735 ]\n",
            " [ 0.36619022 -3.23568173 21.22793882 ...  6.34472877 -6.03932938\n",
            "   0.87870117]\n",
            " ...\n",
            " [-4.00497866 -2.30617588  6.34472877 ... 22.196505    1.33827345\n",
            "  -4.42465089]\n",
            " [ 0.8866621  -2.77838967 -6.03932938 ...  1.33827345 18.36570394\n",
